20
3.4480    2.4361  -11.8575
2.4811    2.2937  -10.1471
3.0652    2.8361   -8.4556
2.5382    2.3147   -7.5444
2.9659    2.8351  -10.2950
2.9580    2.8371  -10.1116
3.0241    2.8160   -7.9122
2.9586    2.7690   -6.7096
2.4880    2.2888  -10.2772
3.0334    2.8041   -7.5111
2.5382    2.3147   -7.4161
2.9717    2.8279   -9.4543
3.0450    2.8191   -8.1693
3.0238    2.8107   -8.1023
2.5024    2.2943   -9.4745
3.0292    2.8120   -7.7714
3.0247    2.8153   -7.9790
2.5024    2.2943   -9.2351
3.0550    2.8262   -8.1232
3.0407    2.8348   -8.8136