150
  -21.3450  -12.1212   13.6451
   26.6237   -2.0229   14.0499
   -6.7221  -22.4538   13.6834
   32.8247   -6.4781   13.7610
   24.1141    8.0728   14.4546
   -8.6372   26.4027   14.2048
   19.9397   -2.4532   12.9193
   21.9784   27.8911   15.4411
   -4.9533  -11.5969   10.6222
    6.7653   28.1394   13.9787
   14.1447   -8.5781   11.7820
   16.4469   31.7872   15.8755
    2.9969    2.8074    6.0979
  -13.2223  -30.0136   15.2455
  -22.2614  -28.4908   15.8429
   -2.5558  -34.3467   15.4844
   29.0518    9.9919   15.5663
  -34.9007  -32.8730   15.5633
  -20.4071   -3.1524   13.2638
  -26.0914  -34.3947   14.9994
   15.8956  -10.2118   13.3531
   19.6312   -4.4340   12.8629
   -4.4412  -31.5551   15.4045
  -31.5258  -28.6230   16.1617
    6.5826  -18.1241   12.3892
   23.8958   25.0049   15.7671
   32.4529   -0.7770   14.1749
  -19.5783  -19.1654   13.2996
    2.5751   18.3477   12.9813
  -10.6703   -2.7138   10.3919
    9.7527   29.2135   15.5937
  -23.6899   15.0945   15.0636
    5.4417   -4.6691    7.6339
   26.8970   -7.4864   13.3041
  -22.4717    9.3334   14.5608
    8.6800  -12.0441   11.4543
   21.2076   34.9635   15.6312
   33.6685  -26.1074   14.5030
  -18.7432  -33.3457   14.7247
    7.5203  -27.2433   13.5152
   -6.4778   26.8854   12.9273
    3.3693   -9.1698    9.7750
  -20.4158   -4.1340   13.1767
   31.9337  -26.3182   15.0961
   -2.0466   24.9827   14.3371
  -31.9627   13.4138   14.5359
   33.5290  -15.1712   15.0981
  -25.6354   12.9696   13.6284
   28.6618    7.7608   14.7706
   27.9988  -21.4596   15.1936
   17.8097  -10.7617   13.7327
   -5.6962  -24.0996   14.1821
   22.3300    8.7446   14.3485
   16.6992   21.3579   14.8124
  -30.2944   31.5553   16.4512
   -0.1696   17.8602   12.1556
   16.9684   23.1791   15.3734
  -24.0449   -2.9884   14.5934
    8.2670   30.2528   15.4506
   23.4562   27.6796   15.7526
    5.7763    5.7923    7.3452
   24.8448  -32.5594   15.5399
   26.9794   -6.4588   12.9739
  -32.4533   17.2304   15.6913
  -24.1620  -24.9264   15.7527
    7.4171  -17.1863   12.7850
  -12.3092   -6.8746   10.0125
   -6.5539   -7.9666    8.5381
    7.6861  -23.3176   14.2674
  -21.8336  -28.3760   15.6191
  -12.3770   18.8718   12.9383
  -18.6117   16.8256   14.4794
   13.4973   22.6855   14.3104
   22.9584  -14.4642   14.7196
  -13.3442    1.6121   10.2281
  -12.2291   23.2290   14.5916
   21.7206    3.9899   13.9225
  -16.5925   12.6396   13.3832
  -18.6443   -3.0502   13.0611
   -8.0803    2.7021    8.7626
   34.4193   17.8654   15.7039
   33.6318  -18.5652   14.9249
    1.9991  -31.3995   15.3401
   17.9813    7.1386   12.5647
   25.0018   34.1794   15.5480
   30.0639   -6.3340   15.0331
  -34.9761    2.8615   15.8200
  -20.4589  -19.6501   13.1731
  -12.1936  -28.2835   14.7200
   17.3274   17.3956   14.6227
    3.0310  -11.3307   10.6438
   23.2634    3.6801   14.5035
   32.0280   27.4983   15.2762
  -10.0447    3.2481   10.2392
  -10.7323    8.5962   11.4436
   20.7637   17.2112   14.5484
  -26.2125   22.5676   15.3356
  -33.2395   -5.9900   13.8824
   16.1985   19.6962   14.2189
   -9.2900   17.1407   13.5089
   27.4587  -18.0178   15.0009
  -25.9282  -19.2452   14.0455
  -10.4990  -14.9041   12.9156
   29.9242  -31.4080   16.4820
    6.4867  -23.5971   14.0520
   23.6884  -23.2707   15.9064
    0.1540   34.9531   14.7748
  -10.1215  -31.7046   15.6730
  -20.0438   -7.1513   11.8060
  -11.6432  -18.9278   13.3118
   30.5284   12.8232   15.2713
   32.3480   -4.3419   15.2173
   30.8236  -34.5916   16.3072
    7.7215   21.0753   12.9396
  -18.6913   30.2728   15.7787
   18.4284   22.8515   15.1692
    5.1425   20.4807   12.6722
  -11.9671  -19.3577   12.9830
  -13.1330    5.9166    9.9114
   23.0940  -14.6676   14.8343
   -6.8212   25.3440   13.4503
    8.0318   34.3831   14.9689
  -20.7411   22.9046   15.1050
   12.3103  -17.5735   13.4706
   -1.6950   -7.0647    7.1731
    6.9607   21.0366   12.4479
  -27.6452   22.5010   15.5625
   23.8760  -10.1846   14.9300
   -4.8951    5.0567    7.6214
   14.0577   16.9729   13.6484
   18.0519   -7.7610   12.8460
   -4.9488   31.9441   15.0819
    5.1080   24.4805   14.3273
  -15.6558    8.5627   12.7987
    6.1853   32.4428   14.0777
  -28.9868    0.0349   14.5519
    1.5113  -28.6884   14.8382
   28.3267   26.9072   15.1385
   -4.2707   19.7206   12.9371
  -24.6074    8.3871   14.5182
  -16.7563   -3.8041   12.8808
   24.0800  -21.2657   15.3497
  -13.7304   -1.1694   10.0608
  -11.3532   20.8940   13.7209
   34.1241  -23.8667   15.9972
  -18.4184   14.1566   13.3289
   -8.7170   33.1593   15.0181
   33.0614   10.0589   15.4310
   25.2069   -6.8682   13.5533
    9.2352   33.9666   15.4347
