100
0.96442825370468199253 0.31018995423801243305 3.53537059040835233148
0.50788420857861638069 0.41098953224718570709 21.38493826220811655503
0.94434866704978048801 0.10511477082036435604 1.94101607566278100414
0.58185458742082118988 0.15141804120503365993 14.09038813472884399403
0.20095411688089370728 0.58758023241534829140 17.61866854504837931472
0.38992094760760664940 0.72508135042153298855 22.43251569720576910072
0.41201245808042585850 0.63511097710579633713 22.53754950491074282581
0.74409342836588621140 0.04031896474771201611 3.81545917466286121922
0.41246792860329151154 0.82071544462814927101 16.49470219229604239786
0.73534371191635727882 0.49685987411066889763 18.90678854885933546370
0.60782791394740343094 0.78536826209165155888 19.63167266969997371007
0.80567031167447566986 0.69922751793637871742 23.95763708562023097670
0.40945819369517266750 0.99838861660100519657 0.00000000000000000000
0.92763132881373167038 0.04036665242165327072 2.41753298239135050451
0.18583738896995782852 0.42191071249544620514 16.04044259682410356049
0.84482181002385914326 0.56981663126498460770 13.22428877720429696296
0.19223816203884780407 0.76595413289032876492 24.82598137102259627795
0.87911750958301126957 0.07214263151399791241 4.78288154614303362422
0.33198222005739808083 0.04775388771668076515 4.60221378044167739318
0.59826583066023886204 0.69300620723515748978 22.60340489356903503904
0.14585320488549768925 0.62099758209660649300 16.00903110608265578207
0.29823249345645308495 0.69391373894177377224 28.19375098744980689958
0.65395722538232803345 0.65057474374771118164 23.38543490993953710699
0.31064776377752423286 0.48525259038433432579 21.50600368265094175513
0.21031487709842622280 0.43053997796960175037 18.29476007377112622976
0.96773927356116473675 0.58013704442419111729 2.58292020954914747222
0.50652506272308528423 0.24027104000560939312 17.07774019176134316922
0.34384543192572891712 0.36106675467453896999 21.48078060935556266031
0.33621846023015677929 0.71173385530710220337 25.28334372662265749909
0.18704672902822494507 0.08988461550325155258 8.24619599111799672642
0.96902182674966752529 0.03008129168301820755 0.00000000000000000000
0.22405602736398577690 0.17384366132318973541 23.31043109414520841938
0.07902406388893723488 0.64461064571514725685 7.44497187648922675862
0.67360339104197919369 0.69275648496113717556 25.37981037541424456094
0.76406675670295953751 0.53971936809830367565 18.93594116427843587758
0.01795420260168612003 0.15770421084016561508 2.79360896994881890976
0.57705196691676974297 0.42044889694079756737 22.86301530032214657240
0.83969884668476879597 0.45287903165444731712 16.93917585923073687582
0.54264886258170008659 0.07709155674092471600 5.74118685079113610925
0.64422756596468389034 0.78599029663018882275 22.58944988407109732975
0.99365015351213514805 0.39755282318219542503 0.00000000000000000000
0.54835103149525821209 0.19669592357240617275 17.01352005855214599706
0.54977179318666458130 0.16971272346563637257 13.92097877768015834477
0.52612773422151803970 0.27788602653890848160 18.50573558761730552646
0.50154668441973626614 0.95720520312897861004 2.07709222497051104739
0.23706917115487158298 0.75718704564496874809 38.04994686450860541527
0.94390462827868759632 0.38469911669380962849 3.99414929493179959863
0.78379586478695273399 0.16879991069436073303 19.38443645282793070805
0.27396807610057294369 0.11485880916006863117 11.62059180960774540381
0.65583282336592674255 0.29672597395256161690 25.58814212567808965559
0.09594600601121783257 0.51707075349986553192 9.14909343656479023821
0.14467291696928441525 0.93778080074116587639 3.14569817207754498511
0.79317486402578651905 0.59705334855243563652 18.10549743326721738867
0.96442908071912825108 0.38523419178090989590 0.84325993950964406309
0.76390741788782179356 0.34397107758559286594 25.48531311198875926038
0.96277765696868300438 0.36482762405648827553 5.41247633677992290302
0.32340697385370731354 0.16638923296704888344 17.97915306964068093976
0.33380549773573875427 0.83790805283933877945 16.16889442184189817908
0.67049668286927044392 0.06707962020300328732 9.73107553938988978359
0.41416563396342098713 0.86894835345447063446 12.46299568505627419768
0.15258600865490734577 0.21781252999790012836 17.28910698039751281385
0.50456943083554506302 0.00895535363815724850 0.00000000000000000000
0.54780699219554662704 0.66004421492107212543 22.31725937733144604636
0.80110065895132720470 0.01069796318188309669 0.79215493781982038168
0.43415952217765152454 0.60157250566408038139 22.17062462415575296859
0.98346454929560422897 0.00053466483950614929 0.00000000000000000000
0.79720259830355644226 0.02354930108413100243 3.95998619996879819283
0.35635471227578818798 0.55876911617815494537 21.42920362260331046400
0.36364969238638877869 0.62488720403052866459 20.64933097963351116277
0.84555805032141506672 0.70709293195977807045 18.46579621489158995473
0.09307104907929897308 0.44203758845105767250 7.38642072292396534294
0.84045166615396738052 0.67893856880255043507 19.44326270182422078392
0.60254352004267275333 0.91984465275891125202 8.53296378795288923413
0.06132261874154210091 0.39176309760659933090 7.47255481078461158972
0.61509501817636191845 0.85300349141471087933 15.93686696681423953237
0.12995755346491932869 0.17251823749393224716 12.72277971710855659637
0.97949593747034668922 0.48769086692482233047 1.52716800033731847641
0.44472198071889579296 0.60752476984634995461 21.54119952108788993428
0.43229365441948175430 0.11749595240689814091 11.47564138012510781550
0.67049284162931144238 0.76981810084544122219 25.87672192829917605650
0.48191849095746874809 0.08164189103990793228 6.94795221791213180040
0.39798543392680585384 0.89957215124741196632 8.82213496273616826215
0.52792143519036471844 0.12293063127435743809 11.74592036749336898538
0.70283685647882521152 0.74896686361171305180 31.15709023844243219514
0.46493796235881745815 0.14012307673692703247 11.42079685272993572198
0.56664111907593905926 0.09861441119574010372 8.81710462633533431642
0.21557554113678634167 0.12405971740372478962 12.56636157622110516741
0.40186320431530475616 0.72022750461474061012 22.90022554750175842742
0.73333587776869535446 0.64774535130709409714 25.19837065215525129247
0.37734432262368500233 0.28276647813618183136 22.64815497733567539740
0.62306866236031055450 0.73352116579189896584 24.47318375612956486975
0.92788304598070681095 0.18138183653354644775 6.43791462278909776273
0.42166300513781607151 0.74187365267425775528 19.97649624950357249986
0.36722109699621796608 0.72314025554805994034 24.75263287235600628833
0.73190905712544918060 0.32267335592769086361 26.21186051801855398935
0.00459317443892359734 0.37103110132738947868 0.29444544011086093427
0.88575623207725584507 0.13625714322552084923 6.99288378099617968786
0.20462861959822475910 0.27021954767405986786 27.92270042691139408930
0.92886143736541271210 0.96672106720507144928 0.91198393691349133316
0.12712813355028629303 0.20606179116293787956 13.51537044433462497750
