50
0.16482576797716319561 0.07699758140370249748 5.65045489937691147730
0.75678791711106896400 0.92343109706416726112 11.12582754261108242133
0.58029975532554090023 0.43738908809609711170 10.07191314591843855908
0.60685632610693573952 0.67662187339738011360 18.99138160244578799052
0.98501678835600614548 0.07378092664293944836 0.00000000000000000000
0.94759269314818084240 0.09585831267759203911 1.11813659479497307103
0.63702576677314937115 0.17519396985881030560 3.50412108955147605371
0.15389094222337007523 0.65321002807468175888 2.41800564574031051635
0.11319417599588632584 0.70758126722648739815 3.53654022051370686697
0.29252284974791109562 0.71989263431169092655 6.20825097895908140089
0.55703629506751894951 0.93899073614738881588 3.49335587554627746698
0.01563639170490205288 0.25944698951207101345 2.36442800705134104078
0.00974871078506112099 0.22102880221791565418 0.22040281255399785110
0.04377731657586991787 0.97023074468597769737 1.24214072931609931238
0.24164276546798646450 0.20151585782878100872 17.47493636330242949839
0.49665400502271950245 0.67281022341921925545 13.21837258218401878196
0.30253942869603633881 0.80493896943517029285 4.66545134150809293061
0.07249438436701893806 0.53180017229169607162 2.29114107853996307185
0.47948497114703059196 0.76347000733949244022 10.02232863419114750059
0.15665992349386215210 0.81743001821450889111 1.69435177394767100267
0.08151621511206030846 0.17674611671827733517 6.25612900260105231354
0.38048449158668518066 0.47643075184896588326 10.71786098057962632879
0.44731085328385233879 0.61638896027579903603 11.57235294265580805018
0.48549689655192196369 0.51545581291429698467 11.24682658663673961996
0.68517614575102925301 0.83810607693158090115 17.24535922278727895218
0.25278804800473153591 0.44995130551978945732 7.54602281306126787541
0.92605436989106237888 0.72518385085277259350 9.35276833077607250289
0.49206040962599217892 0.36142278136685490608 9.87864397646177749834
0.26615389063954353333 0.86000346438959240913 0.10058610475431084552
0.75777400285005569458 0.78766313241794705391 28.77422894517656359881
0.70609291200526058674 0.84543893043883144855 15.65786993239800750644
0.24836753238923847675 0.19184999098069965839 18.44556526035751886639
0.30409766663797199726 0.59875246812589466572 8.01627225929709474883
0.66606031428091228008 0.32760944264009594917 6.91897434264619803912
0.21963647566735744476 0.38153645326383411884 8.35935345739250301733
0.29316785791888833046 0.93036996480077505112 1.17911365117989674900
0.62920152908191084862 0.26818697154521942139 5.83375067784660750192
0.48540504579432308674 0.10277490969747304916 4.63338023121524855696
0.71921154856681823730 0.74003942217677831650 29.99580251987203993735
0.09827657998539507389 0.06965998210944235325 4.85058451142988644733
0.47517598466947674751 0.19681473309174180031 6.17261501196897910404
0.40081609622575342655 0.24339626333676278591 10.30440838372046385985
0.60454072989523410797 0.00448536616750061512 0.00000000000000000000
0.85685413959436118603 0.43201525998301804066 4.99104657811624008446
0.39111829060129821301 0.80736942240037024021 5.38474763800174027750
0.00542893703095614910 0.99870248488150537014 0.12900937592684044719
0.31057233270257711411 0.46372024226002395153 6.64184852678499559886
0.04150575422681868076 0.01829977170564234257 0.32315372788079238520
0.48099584388546645641 0.42971397005021572113 9.44315077892635557077
0.40704685868695378304 0.49340030248276889324 8.98363117315448178601
